11879
06378
01676
13126
01482
11991
13213
18115
18862
04388
14120
03522
00267
09363
15420
16216
09219
01656
01594
11563
17915
07888
18890
16562
12885
02950
00759
16297
10110
16343
15296
16866
16327
05221
06220
10247
10729
05233
08135
13701
12587
09509
01658
03172
04616
19009
14732
08764
04014
15285
07921
10456
03479
16874
18070
04284
17973
11317
10463
10242
04707
11147
06685
15218
15867
13619
14404
05179
01963
02391
14861
09746
18734
19182
15825
18168
09491
16319
00992
17606
06907
08672
01489
02661
00929
01349
11063
05609
05052
05525
16468
03061
17799
04101
08993
06432
08211
02584
09307
17003
11338
07388
10572
05307
05395
09965
05014
16977
04068
01815
19137
14176
04228
05962
04205
11289
16952
15264
14744
02430
10388
04106
02416
13416
19111
17225
15684
18059
18747
02154
02825
04252
18617
12088
18459
00861
16188
18811
04550
06585
18686
18587
16670
11845
05704
05161
09828
09514
02127
11384
10472
02876
14585
05657
14812
02426
04447
04018
06559
16095
09357
07031
14623
08529
08577
03858
12680
16965
16352
06096
00849
18294
08179
09132
10301
13042
12024
17349
04511
02519
14547
12190
12155
14743
05027
01061
12545
11866
12003
07733
02203
18241
01140
18871
04678
18005
19076
16812
11904
13310
02458
01879
08996
14252
11552
01387
14651
11519
14545
05460
13962
18675
10043
09687
10745
02623
19045
10525
09626
05913
14110
02586
13910
02707
08739
17015
12037
16302
16259
06121
11109
12669
14409
13107
14318
12059
04078
08952
10876
01566
11697
09375
06262
01199
08300
15512
13049
16888
10160
10341
01373
06536
01435
06605
09615
01211
14997
02067
04418
05972
15680
15224
05737
18226
19004
01452
04371
10895
03396
07901
11298
02213
11701
00532
08311
12232
12677
01426
15405
12794
00666
16633
17795
17237
02217
11816
17153
18505
06137
13650
07882
11561
00051
14065
09544
04704
07927
16887
00538
17565
16378
03632
02058
14978
13756
07813
01564
03992
09868
07786
19090
03643
13869
17294
04899
07066
08386
00622
02596
00172
14699
15371
04547
15481
09400
01255
04508
04785
10986
03246
10442
00923
07357
12285
02674
12653
07725
12253
16449
12991
01745
13595
00873
11455
14782
07275
03005
14335
18710
16821
14723
08938
05253
02748
09340
04085
16905
18446
12163
15747
01709
08192
04535
06543
05310
13718
17283
16479
12513
09233
18607
14437
12053
06357
15368
10140
07837
17498
07667
14710
09336
14555
07783
11937
13463
01431
14341
05424
05925
05316
05054
12344
04294
11035
01236
17253
17687
19050
03314
09692
02528
05077
04507
07423
06291
15934
11197
07018
05906
10120
11881
00597
11856
16662
13874
03062
17248
04187
10763
12343
10144
02776
04225
12843
10165
11462
04634
02670
10923
04927
08257
09310
12666
03096
10803
02159
10965
01715
11087
13394
12694
09269
12217
11924
05201
17129
17172
14398
18366
08118
01282
05654
16533
02763
11253
03391
18399
02027
04943
16428
15585
10535
06168
14736
01344
15162
12598
16615
02958
02514
09406
12082
01864
01232
14808
15130
18713
02431
16624
11532
01840
09000
09922
18351
15365
02237
14410
04946
10359
10590
14709
15202
16191
05804
02469
05009
05685
06464
08387
04798
18816
07742
04839
11504
11448
06353
16710
17386
03736
16727
02502
05509
10913
07260
11125
10167
12968
02577
17169
13121
14276
18491
03468
14310
02887
11857
15076
05631
10642
00683
13272
03774
09486
13686
13252
14066
10258
02551
15065
00614
14294
01386
13011
02361
11605
16392
18151
17451
12458
04233
05757
14111
16298
00253
03931
10751
09484
08372
04496
06921
09876
06698
00251
01795
12951
07225
01488
10106
17266
15945
09281
03633
14087
11310
03729
16788
07063
08951
13571
18681
15914
13894
14519
08916
02673
01630
18916
05098
01723
02783
18203
10211
12125
05157
11170
14865
13757
12327
07049
17382
03006
01004
04648
02280
13132
04694
05944
00200
11502
11135
10124
08954
05911
18205
08763
00860
14061
07410
09128
03764
12044
11472
03546
07348
15800
05070
06971
16626
18864
11522
10238
18178
01685
13858
11586
13461
04005
10801
01965
04263
12210
03164
14151
18296
02797
18814
02199
15540
05001
12265
08352
10240
13984
10241
03115
13631
13065
14860
11106
13559
07487
14796
14092
07045
03749
03249
14096
16565
19058
09663
17385
12481
10655
17968
09011
04135
02152
04860
10554
02647
02408
14534
16065
03537
13968
13160
15695
01993
01020
15009
09883
17086
01420
07259
16509
14811
03573
16817
11863
14689
15605
02082
03724
17238
13794
04153
01717
08695
05709
00517
10609
07796
11738
00486
04318
00844
03602
05717
08213
18079
04259
04741
09085
00092
18697
18223
07634
07076
06788
18586
06724
04126
07981
10928
18951
00699
18515
03003
14900
04002
06219
09040
13046
01984
11753
17841
12036
03255
11884
07736
14571
14528
07119
12141
01072
09166
13373
16034
03244
18736
05063
13733
17701
12157
14864
12735
04445
17614
07693
03184
03805
16142
09973
01219
01485
04580
03823
13379
09902
15213
02071
07253
10748
00820
15449
07661
03550
12172
12485
08590
12077
14902
04049
17582
08665
00456
12929
02959
11985
13022
07392
04612
02467
15346
03773
11099
09671
15789
08420
05391
08930
16442
17394
11988
18590
04330
06579
05755
13615
10705
09670
02953
04306
11955
01093
14444
10123
01291
03183
04481
08212
06230
07176
11544
19003
09378
16276
01607
00265
08994
18893
00718
09674
09695
11762
12496
07772
03494
15833
12605
06527
09899
14969
08195
13903
09802
11323
14474
02420
05176
17910
09425
15245
00307
08366
15059
08322
15110
07608
04689
16307
07891
18799
02587
05736
05570
05900
13502
17405
08001
04770
14112
12282
11746
09613
01838
10629
01507
00948
09812
05451
14538
03293
03225
14220
02961
18460
09416
07692
02242
01176
17728
15989
10376
12452
17485
10766
02631
13024
11093
08684
15384
02451
05058
13434
04723
00502
14972
17234
03267
14427
03288
10878
16459
18578
01213
16230
04984
12651
12492
18982
10426
01430
13460
07653
12549
07825
06181
10544
14920
12360
17807
18085
10893
11309
15870
17648
14632
04869
16044
09783
09268
00084
08754
16637
11137
13596
18510
02287
04473
16654
06245
12569
04739
18063
14967
07986
15473
15810
13614
08959
16674
09563
16330
05045
03849
15120
03717
19008
03054
13369
18096
00448
18049
10182
05189
07841
00945
03978
15883
14356
09438
04293
17996
08750
06670
01691
14484
16334
11854
16988
06146
01776
13541
15138
17779
00037
16862
13244
03798
10593
08270
10306
02885
14903
01202
18025
13122
09444
16235
13488
10807
05269
03427
10520
10921
13380
11401
15401
02989
16112
14283
05947
09114
14490
17005
15417
05740
01318
08831
00679
18998
02992
00847
08204
18529
14156
01306
02635
14344
16180
17694
16399
08920
13189
09964
15358
04074
14390
09457
10079
05436
01954
19119
04660
08704
04882
07366
17844
03760
13930
06482
08668
07648
02332
14877
09264
09440
07585
01069
09543
15398
18418
13386
00087
05129
02459
18087
05695
07859
05146
02660
08671
06914
06808
03251
01973
10006
14051
09743
14507
14762
18637
17123
07395
13637
18286
03881
08132
02791
09956
04888
04971
01756
02427
16113
13130
02141
03738
15654
08273
01683
06041
11164
14433
15686
15381
09317
00401
03361
16085
04137
09572
18132
01786
01491
08988
04147
18615
00463
09904
05879
11825
07454
09707
06360
03294
09273
17191
09060
15866
07090
06276
06066
17559
03917
10339
06310
03953
07554
08237
10047
08877
14868
11528
10839
18035
13942
11264
17397
18136
15507
12092
10033
07972
13251
07261
09641
03049
00565
14685
16083
15600
07874
18192
16009
18945
07908
02805
06260
16928
00332
18212
09052
09163
11152
08465
11626
06950
15976
05958
10650
16197
00940
11023
18938
15227
07990
14771
09139
02839
08044
10561
08794
14272
15232
15843
17634
08850
17096
05771
14270
05013
15064
11868
14205
03458
16062
13764
00414
11181
16579
02259
12142
14037
17456
11377
01345
18544
03966
09882
03339
07957
02490
06498
12997
12298
10222
00841
18800
10192
05366
19066
05498
12087
08396
15238
07142
18480
03748
15517
04136
07816
04993
00667
06532
08102
01016
01319
02248
07347
11467
01706
17675
00635
15411
02683
08266
13813
09117
18738
11059
10710
14899
06935
10726
12422
08524
01647
05954
15128
04446
14044
02750
00888
18493
12911
00883
19117
04182
15315
05408
13248
11014
12742
00951
18944
14281
08943
07190
15998
07226
17895
17636
13730
12779
09784
11526
00193
15629
12464
00640
12762
13767
06777
02040
13624
15267
17780
10842
13356
13594
02104
07010
05007
12551
07577
04942
04534
02640
17699
10476
11005
08903
07683
09362
02538
14413
08998
07839
15879
17081
09086
08101
08493
14747
15554
05215
14611
17952
13983
16540
14502
10397
18314
17404
15225
04369
14957
03976
08165
18265
01645
15222
16972
05763
07170
13931
03492
00181
04835
07994
13095
16199
12582
06371
13580
14923
02386
15569
08023
01514
00800
04828
06525
07361
10171
07696
03060
10983
16890
09299
02778
05560
15505
16750
07002
14488
14476
15236
10559
14086
06887
09401
09957
00013
17954
13306
09861
18648
05702
12423
13777
06286
04170
18166
09688
13185
10688
13382
10134
16617
09840
04083
10286
10819
02292
14132
11934
06456
17643
17036
00055
14288
01454
08346
06228
12622
03789
16758
14299
10278
11327
14239
03552
01253
08698
05851
08559
03779
00904
10851
17570
13096
16692
11506
09146
02274
09129
10756
13056
06328
00775
07304
07457
10000
11457
15083
06539
07288
15423
01268
12535
03542
05216
08742
08131
13491
10885
05877
00812
13510
05801
05324
07757
05064
13316
18346
11589
03368
08176
06883
11724
01307
11948
10101
01370
04176
14083
04852
18105
12098
01180
17877
04884
02465
19039
00316
18379
14014
18077
14478
05294
08583
04286
10929
00116
01444
09066
18975
03024
01664
08228
16008
16561
08650
06671
11235
06901
09232
08924
05093
19068
03507
03782
08666
04400
03394
09810
18173
00256
17332
09912
17800
14358
05169
09338
12108
08004
02254
11436
04340
18935
16576
06984
17617
02400
03276
18448
15017
00305
02377
10360
14982
09830
04288
12969
08703
07821
10295
06693
08544
10366
17130
18521
13737
02686
01302
08067
18667
03928
13230
07707
02226
02245
06089
02625
16640
01863
05158
17403
16477
15623
01643
01873
10276
01997
17766
01916
07133
09722
06222
05072
15947
18211
13861
09347
14909
08690
12793
00070
12418
05394
01921
13141
07004
15773
15913
13317
05449
07745
03056
00483
17713
01657
03208
18033
14520
02470
08185
15159
09127
06012
13824
04593
14700
17573
06232
06278
08147
03580
11118
13193
01986
03224
01775
15303
13470
13879
11609
14124
03176
03090
06239
13338
15498
07962
15488
18881
18711
04335
17669
07020
15906
09125
07798
16847
02321
10827
01029
02208
07501
01929
02326
00235
07216
07540
18150
00689
11078
02098
07362
08123
03965
14794
16959
14355
12236
13074
10214
06591
17671
06940
13865
17290
08685
05410
18015
15574
04207
04120
17455
02267
15924
02806
02580
18591
07892
01898
07846
10076
11894
03665
00638
16010
10621
00018
17378
17674
05293
12252
19077
06517
19053
09779
03486
16635
05854
16403
08630
00106
14867
05182
14246
09617
03655
11146
08743
17595
03753
00376
18128
08238
17338
15337
12504
12608
02081
13833
05242
05008
03592
01543
02978
16171
16696
04532
07186
11861
13087
14038
08609
17661
18394
08081
04575
08679
04681
15035
12964
16358
06967
10311
18585
06913
02168
08773
13145
10336
01051
07505
01832
10626
07196
18250
08845
12433
15147
05354
08021
17502
05607
02339
08748
06865
11641
12130
05329
11954
14857
09108
12455
03309
07628
02614
09482
07467
01501
02279
06300
18918
11850
09606
18089
02582
12403
04090
17571
15054
01423
08667
11270
11763
03169
12449
03039
03349
11029
07055
05094
09105
11149
13848
05231
00212
09115
14719
07223
13746
17856
06515
18390
00869
16559
07623
07164
03070
00976
01041
13825
02848
17870
03358
04572
07314
08024
09012
00819
03648
