00002
00003
00004
00005
00006
00007
00009
00010
00011
00012
00018
00019
00021
00022
00023
00024
00025
00026
00043
00044
00047
00048
00049
00050
00051
00052
00053
00054
00057
00063
00064
00065
00066
00067
00068
00069
00070
00071
00072
00073
00074
00079
00080
00081
00082
00091
00092
00093
00094
00095
00096
00097
00098
00099
00100
00101
00102
00103
00104
00105
00106
00107
00108
00109
00110
00111
00112
00113
00114
00115
00119
00120
00121
00122
00123
00129
00134
00135
00137
00138
00139
00140
00141
00142
00143
00144
00145
00146
00147
00148
00149
00150
00151
00155
00156
00157
00158
00159
00160
00161
00162
00163
00164
00165
00169
00176
00177
00178
00202
00203
00204
00205
00212
00213
00214
00215
00216
00217
00218
00222
00223
00224
00225
00226
00227
00228
00229
00230
00231
00232
00233
00234
00235
00236
00237
00238
00239
00240
00241
00242
00243
00244
00245
00246
00247
00248
00250
00251
00252
00253
00254
00255
00256
00257
00258
00259
00260
00261
00262
00264
00265
00266
00267
00268
00269
00273
00274
00275
00276
00277
00285
00286
00287
00288
00289
00290
00291
00292
00293
00294
00302
00303
00304
00305
00306
00307
00308
00312
00313
00317
00318
00319
00320
00321
00322
00323
00335
00336
00337
00338
00339
00340
00341
00342
00343
00344
00345
00346
00347
00348
00349
00352
00353
00364
00365
00366
00367
00368
00369
00370
00371
00372
00373
00374
00375
00376
00377
00378
00379
00380
00381
00382
00390
00391
00392
00393
00397
00398
00399
00400
00401
00402
00403
00404
00405
00406
00407
00408
00409
00414
00415
00416
00417
00418
00419
00420
00421
00422
00423
00424
00425
00426
00427
00428
00435
00436
00437
00438
00439
00448
00449
00450
00451
00452
00453
00454
00455
00456
00457
00458
00459
00460
00466
00467
00477
00478
00479
00480
00481
00482
00483
00484
00485
00486
00487
00488
00489
00490
00491
00492
00493
00494
00495
00496
00497
00498
00499
00500
00501
00502
00503
00504
00505
00506
00513
00526
00527
00528
00529
00533
00534
00535
00539
00540
00541
00542
00543
00544
00545
00546
00547
00551
00552
00553
00571
00572
00573
00574
00575
00576
00577
00583
00584
00585
00586
00587
00588
00589
00594
00595
00596
00597
00598
00599
00600
00601
00607
00608
00609
00610
00613
00614
00615
00621
00622
00623
00624
00625
00626
00627
00628
00629
00630
00631
00638
00639
00640
00641
00642
00645
00646
00647
00648
00651
00652
00653
00654
00658
00659
00660
00661
00664
00665
00666
00673
00674
00681
00682
00683
00684
00690
00691
00694
00695
00699
00700
00701
00702
00703
00704
00713
00714
00715
00718
00719
00720
00721
00722
00728
00729
00734
00735
00736
00737
00738
00739
00740
00741
00744
00745
00746
00747
00748
00749
00750
00751
00752
00753
00754
00755
00756
00757
00787
00788
00789
00790
00791
00792
00793
00794
00795
00796
00797
00798
00804
00805
00806
00807
00808
00814
00815
00816
00817
00818
00819
00823
00824
00825
00826
00827
00828
00829
00830
00831
00846
00847
00848
00852
00853
00854
00855
00862
00863
00864
00865
00866
00867
00871
00872
00873
00874
00875
00876
00877
00878
00879
00880
00881
00882
00883
00884
00885
00886
00887
00888
00889
00890
00891
00892
00893
00894
00895
00896
00897
00898
00899
00900
00901
00902
00903
00904
00908
00909
00910
00911
00912
00913
00914
00915
00919
00920
00921
00922
00923
00924
00928
00929
00930
00935
00936
00937
00938
00939
00940
00941
00942
00943
00947
00948
00949
00950
00951
00952
00953
00954
00955
00956
00957
00962
00963
00967
00968
00977
00978
00979
00980
00981
00982
00983
00984
00985
00986
00987
00988
00989
00995
00996
00997
00998
00999
01004
01005
01006
01007
01008
01012
01013
01014
01015
01016
01017
01018
01019
01023
01024
01025
01026
01027
01028
01029
01030
01034
01035
01036
01039
01040
01041
01042
01043
01044
01045
01046
01049
01050
01053
01054
01055
01058
01059
01060
01061
01062
01063
01064
01065
01066
01067
01068
01069
01070
01071
01072
01073
01084
01085
01086
01096
01104
01109
01110
01111
01112
01113
01114
01115
01119
01120
01121
01131
01132
01133
01136
01137
01138
01139
01140
01141
01142
01158
01159
01160
01167
01168
01171
01172
01176
01177
01184
01185
01186
01187
01188
01189
01190
01196
01197
01198
01199
01212
01213
01214
01220
01221
01222
01223
01224
01230
01231
01235
01236
01237
01238
01239
01240
01241
01242
01243
01244
01245
01250
01251
01252
01265
01266
01267
01268
01269
01270
01271
01272
01273
01280
01281
01282
01283
01295
01299
01300
01308
01309
01310
01311
01312
01315
01316
01317
01318
01319
01320
01321
01322
01323
01324
01325
01326
01327
01332
01333
01340
01341
01342
01343
01344
01345
01349
01350
01351
01356
01357
01358
01359
01360
01361
01362
01365
01366
01369
01370
01371
01372
01373
01374
01375
01376
01377
01378
01379
01380
01381
01382
01391
01392
01401
01402
01403
01404
01405
01414
01415
01416
01417
01418
01419
01424
01425
01426
01427
01428
01433
01434
01435
01436
01437
01438
01439
